# ID    RA         DEC         Z      EL TYPE AUTO_R ERR_AUTO_R AP_R   ERR_AP_R AUTO_I ERR_AUTO_I AP_I   ERR_AP_I AUTO_Z ERR_AUTO_Z AP_Z   ERR_AP_Z AUTO_J ERR_AUTO_J AP_J   ERR_AP_J AUTO_KS ERR_AUTO_KS AP_KS  ERR_AP_KS STEL_MASS
  18    28.17325   -14.006792  0.8248 1  3    23.786 0.034      24.048 0.023    22.438 0.012      22.75  0.009    21.862 0.012      22.135 0.009    22.547 63844.953  23.308 0.0      20.359  0.700    20.902 0.0       nan    
  26b   28.201341  -14.006156  0.8372 1  4    nan   nan       nan   nan     nan   nan       nan   nan     nan   nan       nan   nan     nan   nan       nan   nan     nan    nan        nan   nan      nan    
  35    28.181775  -14.005747  0.8323 1  0    25.106 0.053      25.027 0.058    24.017 0.023      23.941 0.025    23.6   0.027      23.552 0.03     98.986 nan       22.555 0.228    21.707  0.104       22.047 0.259     1.4E10   
  47    28.189893  -14.003847  0.8436 1  3    23.197 0.018      23.496 0.014    22.244 0.009      22.49  0.007    21.804 0.011      22.03  0.008    21.312 0.069      21.331 0.08     20.471  0.067       20.266 0.065     6.3E10   
  67    28.154575  -14.00196   0.839  1 nan  nan   nan       nan   nan     nan   nan       nan   nan     nan   nan       nan   nan     nan   nan       nan   nan     nan    nan        nan   nan      nan    
  81    28.184613  -14.0017    0.8433 0  -5   23.724 0.016      23.679 0.017    22.475 0.006      22.43  0.006    21.766 0.006      21.716 0.006    21.697 0.086      21.184 0.078    20.738  0.068       20.247 0.061     2.4E10   
  85    28.174701  -13.997986  0.8258 0  -5   22.629 0.016      23.128 0.01     21.448 0.007      21.894 0.004    20.797 0.006      21.23  0.004    20.343 0.047      20.57  0.058    19.515  0.039       19.724 0.049     1.4E11   
  97    28.179573  -14.000095  0.8288 0  -1   23.986 0.028      24.022 0.023    22.797 0.011      22.837 0.009    22.252 0.012      22.285 0.01     21.962 0.098      21.687 0.099    21.213  0.086       20.919 0.085     1.6E10   
  113   28.171657  -13.998786  0.8237 0  -1   24.083 0.024      24.088 0.024    22.877 0.009      22.861 0.01     22.28  0.009      22.249 0.009    22.204 0.107      21.643 0.095    21.477  0.096       20.936 0.085     1.5E10   
  125   28.220741  -13.997623  0.8376 1  1    nan   nan       nan   nan     nan   nan       nan   nan     nan   nan       nan   nan     nan   nan       nan   nan     nan    nan        nan   nan      nan    
  129   28.174559  -13.997303  0.8256 0  -5   24.31  0.029      24.281 0.029    23.101 0.012      23.072 0.012    22.515 0.012      22.474 0.012    22.259 0.115      21.758 0.105    21.58   0.105       21.183 0.102     1.3E10   
  131   28.216657  -13.971189  0.8436 0  -5   22.534 0.013      23.116 0.01     21.294 0.005      21.863 0.004    20.598 0.005      21.127 0.004    19.947 0.039      20.224 0.05     19.197  0.035       19.418 0.043     2.3E11   
  144   28.146816  -13.996284  0.8442 1 nan  nan   nan       nan   nan     nan   nan       nan   nan     nan   nan       nan   nan     nan   nan       nan   nan     nan    nan        nan   nan      nan    
  145   28.188013  -13.997797  0.851  1  0    24.622 0.041      24.686 0.042    24.465 0.042      24.484 0.042    24.493 0.075      24.45  0.07     25.038 0.575      25.769 1.573    23.333  0.233       23.113 0.284     2.2E8    
  161   28.145306  -13.996014  0.8447 1 nan  nan   nan       nan   nan     nan   nan       nan   nan     nan   nan       nan   nan     nan   nan       nan   nan     nan    nan        nan   nan      nan    
  177   28.181701  -13.993814  0.8427 0  0    23.889 0.029      24.047 0.023    22.797 0.013      22.929 0.01     22.342 0.015      22.456 0.011    22.05  0.102      21.888 0.108    21.441  0.1         21.281 0.104     1.3E10   
  182   28.178413  -13.993956  0.8285 1  1    24.505 0.052      24.781 0.047    23.529 0.025      23.71  0.021    23.102 0.029      23.227 0.023    22.593 0.134      22.395 0.137    21.524  0.099       21.444 0.108     2.0E10   
  184   28.146166  -13.994714  0.8397 1 nan  nan   nan       nan   nan     nan   nan       nan   nan     nan   nan       nan   nan     nan   nan       nan   nan     nan    nan        nan   nan      nan    
  204   28.197403  -13.990356  0.8386 1  1    22.227 0.015      23.286 0.012    21.025 0.006      21.993 0.004    20.378 0.006      21.256 0.004    19.827 0.036      20.345 0.052    19.022  0.032       19.453 0.043     2.4E11   
  234   28.166368  -13.987996  0.8474 1  3    23.453 0.025      23.586 0.015    22.622 0.014      22.824 0.009    22.289 0.018      22.478 0.012    21.755 0.092      21.783 0.104    21.143  0.087       21.128 0.096     3.1E10   
  241   28.161179  -13.988903  0.8354 0  -2   23.965 0.025      24.006 0.023    22.778 0.01       22.793 0.009    22.084 0.01       22.09  0.008    21.765 0.088      21.439 0.086    20.97   0.078       20.666 0.076     3.8E10   
  248   28.201639  -13.989103  0.8472 1  -4   23.628 0.02       23.659 0.016    22.461 0.008      22.501 0.007    21.729 0.007      21.764 0.006    21.427 0.076      21.175 0.077    20.63   0.066       20.392 0.067     5.8E10   
  258   28.206189  -13.975236  0.843  0  -1   23.14  0.01       23.268 0.008    21.851 0.004      21.972 0.003    21.067 0.003      21.195 0.003    20.641 0.052      20.475 0.055    19.658  0.042       19.496 0.044     2.0E11   
  267   28.166478  -13.988434  0.8443 1  3    23.625 0.033      24.274 0.029    22.687 0.017      23.165 0.013    22.134 0.018      22.455 0.012    21.532 0.084      21.646 0.098    20.824  0.074       20.929 0.086     5.3E10   
  270   28.1656894 -13.9871579 0.845  1  4    23.349 0.031      24.279 0.03     22.151 0.012      23.089 0.012    21.665 0.013      22.429 0.011    21.04  0.069      21.459 0.091    20.027  0.053       20.272 0.064     8.2E10   
  291   28.149121  -13.98617   0.8357 0  -5   24.082 0.019      24.078 0.017    22.93  0.008      22.914 0.007    22.274 0.007      22.261 0.007    21.958 0.096      21.601 0.093    21.081  0.081       20.731 0.078     3.3E10   
  295   28.164179  -13.984382  0.837  1  3    22.461 0.011      23.015 0.009    21.635 0.006      22.184 0.005    21.367 0.009      21.875 0.006    21.049 0.064      21.216 0.078    20.576  0.066       20.733 0.078     3.4E10   
  300   28.182467  -13.983639  0.8201 2  1    20.482 0.002      20.511 0.001    20.476 0.002      20.59  0.002    20.279 0.003      20.438 0.002    20.46  0.048      20.38  0.053    19.962  0.048       19.913 0.053     8.7E9    
  306   28.207234  -13.974375  0.8539 1  4    23.074 0.014      23.558 0.01     22.023 0.006      22.448 0.005    21.381 0.006      21.747 0.004    20.882 0.058      20.999 0.07     20.004  0.05        20.061 0.057     1.1E11   
  327   28.167655  -13.982839  0.8247 1  8    22.701 0.009      22.745 0.007    22.404 0.008      22.477 0.007    22.32  0.013      22.375 0.011    22.601 0.13       22.324 0.13     22.499  0.151       22.261 0.153     2.2E9    
  328   28.195758  -13.983689  0.8403 0  3    24.603 0.053      24.698 0.043    23.539 0.023      23.623 0.019    22.848 0.021      22.966 0.018    22.653 0.136      22.415 0.138    22.1    0.132       21.876 0.135     1.2E10   
  332   28.165374  -13.982192  0.8322 0  -2   23.274 0.012      23.407 0.009    22.114 0.005      22.233 0.004    21.499 0.005      21.614 0.004    21.185 0.067      21.023 0.071    20.405  0.059       20.252 0.062     5.1E10   
  344   28.158474  -13.981814  0.8249 0  -5   23.702 0.015      23.729 0.012    22.491 0.006      22.526 0.005    21.864 0.006      21.887 0.005    21.593 0.082      21.297 0.081    20.829  0.071       20.54  0.07      3.9E10   
  347   28.161051  -13.981764  0.8463 1  -5   23.624 0.009      23.552 0.011    22.719 0.005      22.648 0.006    22.294 0.006      22.218 0.006    22.369 0.116      21.761 0.1      21.801  0.113       21.187 0.097     1.1E10   
  377   28.171864  -13.978583  0.8379 1  0    23.299 0.021      23.579 0.016    22.359 0.011      22.629 0.008    21.902 0.012      22.146 0.009    21.409 0.076      21.416 0.086    20.569  0.064       20.534 0.071     6.0E10   
  387   28.165283  -13.973899  0.8293 0  -5   22.91  0.009      23.299 0.008    21.626 0.004      21.987 0.003    20.87  0.003      21.259 0.003    20.468 0.051      20.383 0.055    19.636  0.044       19.583 0.047     1.7E11   
  394   28.155802  -13.975849  0.8329 1  3    23.811 0.022      24.019 0.016    22.781 0.011      22.976 0.007    22.359 0.012      22.573 0.009    22.014 0.1        21.901 0.106    21.253  0.089       21.201 0.097     1.6E10   
  396   28.146701  -13.977757  0.828  0  0    24.73  0.035      24.687 0.042    23.575 0.015      23.527 0.017    22.968 0.014      22.9   0.017    22.962 0.151      22.209 0.121    22.436  0.154       21.735 0.13      7.1E9    
  397   28.168728  -13.977136  0.8314 0  -2   23.606 0.012      23.603 0.011    22.35  0.005      22.357 0.004    21.681 0.004      21.679 0.004    21.422 0.074      21.052 0.071    20.599  0.064       20.256 0.061     6.0E10   
  418   28.162169  -13.975366  0.8299 0  -4   23.66  0.015      23.722 0.012    22.345 0.005      22.41  0.004    21.625 0.005      21.685 0.004    21.261 0.07       20.994 0.07     20.396  0.059       20.135 0.059     9.6E10   
  432   28.220205  -13.973153  0.8526 0  -4   23.491 0.027      23.78  0.018    22.194 0.01       22.525 0.007    21.558 0.009      21.885 0.007    21.08  0.064      21.165 0.076    20.453  0.061       20.453 0.068     6.3E10   
  436   28.1534    -13.974197  0.837  0  -4   23.822 0.015      23.846 0.014    22.626 0.006      22.641 0.006    21.993 0.006      21.998 0.005    21.808 0.09       21.43  0.086    21.092  0.082       20.74  0.079     2.0E10   
  439   28.165894  -13.973339  0.8294 0  -4   22.763 0.03       24.012 0.016    21.527 0.012      22.729 0.006    20.963 0.012      22.032 0.005    20.211 0.051      21.246 0.08     19.556  0.049       20.408 0.068     1.4E11   
  445   28.179769  -13.972752  0.827  0  -1   23.123 0.014      23.249 0.011    21.928 0.006      22.058 0.005    21.279 0.005      21.385 0.004    21.02  0.062      20.805 0.064    20.225  0.054       20.028 0.056     6.5E10   
  455   28.168072  -13.972959  0.8295 0  -1   24.218 0.015      24.15  0.018    22.969 0.006      22.893 0.007    22.3   0.006      22.222 0.006    22.285 0.112      21.563 0.092    21.413  0.094       20.79  0.08      1.4E10   
  468   28.16931   -13.970718  0.8272 0  -5   22.984 0.016      23.373 0.01     21.789 0.006      22.122 0.004    21.078 0.006      21.426 0.004    20.559 0.05       20.678 0.06     19.757  0.044       19.881 0.052     1.2E11   
  474   28.166042  -13.971456  0.8235 0  -5   24.315 0.024      24.379 0.022    23.206 0.011      23.228 0.009    22.579 0.01       22.601 0.009    22.377 0.113      22.066 0.111    21.676  0.105       21.36  0.102     1.7E10   
  477   28.168582  -13.970008  0.8306 0  3    23.912 0.018      24.002 0.018    22.714 0.007      22.773 0.007    22.014 0.006      22.056 0.007    21.875 0.092      21.404 0.084    21.069  0.081       20.632 0.075     3.3E10   
  491   28.174246  -13.970323  0.8278 0  0    23.433 0.009      23.427 0.009    22.381 0.004      22.36  0.004    21.751 0.004      21.727 0.004    21.745 0.087      21.219 0.077    20.974  0.076       20.438 0.067     2.9E10   
  498   28.164663  -13.968937  0.8258 0  -5   23.608 0.023      23.97  0.016    22.467 0.01       22.845 0.007    21.9   0.01       22.228 0.007    21.36  0.073      21.494 0.088    20.774  0.071       20.929 0.085     3.6E10   
  509   28.164414  -13.968421  0.867  0  -5   23.886 0.022      24.037 0.017    22.682 0.009      22.818 0.007    21.985 0.008      22.092 0.006    21.577 0.082      21.412 0.086    20.713  0.07        20.567 0.073     5.4E10   
  511   28.14917   -13.968879  0.8362 0  -4   23.977 0.017      23.895 0.02     22.832 0.007      22.747 0.009    22.316 0.008      22.231 0.009    22.454 0.122      21.809 0.105    21.782  0.111       21.06  0.09      1.1E10   
  513   28.167937  -13.967995  0.8275 0  -5   23.477 0.014      23.514 0.012    22.256 0.005      22.288 0.005    21.549 0.005      21.584 0.004    21.242 0.069      20.951 0.068    20.504  0.062       20.23  0.061     6.6E10   
  522   28.204642  -13.967442  0.8489 1  6    22.81  0.013      23.149 0.008    22.252 0.009      22.617 0.006    22.132 0.014      22.445 0.009    21.829 0.092      21.958 0.11     21.545  0.105       21.613 0.117     9.1E9    
  543   28.212533  -13.964702  0.8397 0  0    22.322 0.012      22.842 0.008    21.151 0.005      21.65  0.003    20.581 0.005      21.025 0.003    20.092 0.04       20.319 0.051    19.267  0.035       19.453 0.043     1.4E11   
  547   28.17434   -13.965987  0.846  0  -2   23.648 0.015      23.769 0.013    22.403 0.006      22.517 0.005    21.639 0.005      21.745 0.004    21.296 0.07       21.048 0.071    20.377  0.058       20.143 0.059     8.2E10   
  548   28.178678  -13.965159  0.8371 0  -4   23.334 0.012      23.446 0.009    22.146 0.005      22.243 0.004    21.454 0.004      21.55  0.004    21.084 0.064      20.879 0.066    20.292  0.056       20.092 0.057     7.3E10   
  551   28.150916  -13.96337   0.8362 1  1    22.935 0.017      23.266 0.012    21.689 0.006      22.018 0.004    21.102 0.007      21.398 0.005    20.586 0.051      20.622 0.059    19.711  0.043       19.741 0.049     1.2E11   
  557   28.165981  -13.961334  0.8672 2  3    21.564 0.003      21.65  0.002    20.84  0.002      20.985 0.001    20.227 0.002      20.379 0.001    19.534 0.032      19.384 0.033    18.555  0.025       18.404 0.026     3.4E11   
  571   28.176572  -13.963851  0.8444 0  -4   23.251 0.018      23.632 0.011    22.02  0.007      22.383 0.004    21.286 0.006      21.642 0.004    20.849 0.058      20.938 0.068    20.051  0.051       20.138 0.059     1.0E11   
  595   28.183878  -13.962856  0.8377 0  -5   23.665 0.01       23.719 0.009    22.523 0.004      22.562 0.004    21.891 0.004      21.92  0.004    21.673 0.085      21.373 0.084    20.88   0.073       20.597 0.073     3.5E10   
  598   28.166597  -13.961648  0.8315 0  -5   22.397 0.01       23.043 0.007    21.169 0.004      21.766 0.003    20.451 0.004      21.039 0.002    19.817 0.037      20.248 0.05     19.004  0.032       19.449 0.043     2.7E11   
  626   28.180748  -13.928804  0.8206 0  -2   23.436 0.015      23.428 0.013    22.317 0.007      22.315 0.006    21.784 0.007      21.78  0.006    21.625 0.082      21.251 0.079    20.897  0.073       20.539 0.07      2.2E10   
  648   28.187437  -13.943168  0.8461 0  3    24.119 0.024      24.219 0.019    23.07  0.011      23.173 0.009    22.574 0.012      22.671 0.01     22.227 0.108      22.002 0.111    21.435  0.095       21.197 0.096     2.0E10   
  650   28.1557887 -13.9431083 0.8671 1  8    22.468 0.012      22.908 0.008    21.599 0.007      22.044 0.005    21.252 0.008      21.697 0.006    21.02  0.063      21.186 0.077    20.524  0.063       20.711 0.077     3.7E10   
  654   28.190181  -13.944225  0.8457 0  -2   23.002 0.013      23.396 0.009    21.766 0.005      22.134 0.004    21.101 0.005      21.433 0.003    20.576 0.051      20.651 0.06     19.738  0.043       19.762 0.049     1.3E11   
  663   28.186931  -13.943922  0.8302 0  -5   24.128 0.015      24.063 0.017    22.899 0.006      22.833 0.007    22.301 0.006      22.222 0.006    22.284 0.111      21.581 0.091    21.583  0.101       20.946 0.085     1.5E10   
  679   28.19112   -13.949575  0.8342 0  -5   21.901 0.008      22.625 0.005    20.674 0.003      21.36  0.002    19.971 0.003      20.636 0.002    19.401 0.029      19.861 0.042    18.613  0.026       19.03  0.035     3.9E11   
  682   28.151429  -13.947694  0.8297 0  0    25.097 0.054      25.011 0.057    23.98  0.023      23.91  0.025    23.443 0.024      23.383 0.026    23.393 0.178      22.814 0.153    22.848  0.172       22.104 0.139     4.8E9    
  688   28.181676  -13.948804  0.8339 0  -5   22.944 0.011      23.447 0.007    21.731 0.004      22.208 0.003    21.032 0.004      21.498 0.002    20.505 0.048      20.771 0.063    19.812  0.045       20.028 0.056     1.3E11   
  701   28.187553  -13.950947  0.8352 0  -4   22.05  0.005      22.587 0.003    20.834 0.002      21.324 0.001    20.133 0.002      20.622 0.001    19.612 0.033      19.919 0.043    18.817  0.029       19.081 0.036     3.0E11   
  735   28.145396  -13.952733  0.8311 1  1    24.884 0.042      24.812 0.047    24.012 0.023      23.947 0.025    23.63  0.028      23.565 0.031    23.655 0.214      23.078 0.192    22.811  0.177       22.238 0.157     4.1E9    
  805   28.146661  -13.960352  0.8348 0  3    23.851 0.025      23.926 0.021    22.75  0.011      22.836 0.009    22.354 0.013      22.433 0.011    22.245 0.112      21.972 0.112    21.783  0.115       21.503 0.114     1.1E10   
  811   28.209196  -13.961019  0.8476 1  0    23.814 0.021      23.804 0.019    22.824 0.01       22.824 0.009    22.402 0.012      22.393 0.011    22.108 0.102      21.765 0.099    21.306  0.089       20.984 0.087     1.7E10   
  851   28.1588708 -13.9269696 0.836  1  4    22.597 0.01       22.91  0.006    21.565 0.005      21.916 0.003    21.076 0.005      21.459 0.003    20.658 0.054      20.834 0.066    19.861  0.046       19.987 0.055     8.9E10   
  859   28.156646  -13.908369  0.8402 0  -2   nan   nan       nan   nan     nan   nan       nan   nan     nan   nan       nan   nan     nan   nan       nan   nan     nan    nan        nan   nan      nan    
  868   28.1952877 -13.9088177 0.8297 1  3    24.104 0.029      24.103 0.024    23.449 0.019      23.46  0.016    23.15  0.025      23.178 0.022    98.986 nan       98.732 nan     98.991  nan        98.752 nan      nan    
  889   28.173828  -13.908959  0.8322 0  -2   22.989 0.011      23.061 0.01     21.806 0.005      21.867 0.004    21.198 0.005      21.258 0.004    98.986 nan       98.732 nan     98.991  nan        98.752 nan      nan    
  895   28.170622  -13.909704  0.8668 0  0    23.089 0.022      23.495 0.017    21.722 0.008      22.106 0.006    21.116 0.008      21.461 0.006    98.986 nan       98.732 nan     98.991  nan        98.752 nan      nan    
  898   28.173511  -13.909368  0.83   1  -1   23.511 0.021      23.621 0.016    22.784 0.013      22.876 0.01     22.481 0.017      22.573 0.013    98.986 nan       98.732 nan     14.416  0.001       14.894 0.001     nan    
  928   28.181158  -13.911667  0.8319 0  -1   23.657 0.018      23.694 0.017    22.468 0.007      22.507 0.007    21.839 0.007      21.869 0.007    98.986 nan       98.732 nan     20.836  0.072       20.43  0.068     4.1E10   
  931   28.210514  -13.953325  0.8349 0  -5   23.929 0.032      24.012 0.026    22.722 0.013      22.814 0.011    22.096 0.013      22.2   0.011    21.887 0.092      21.663 0.095    21.139  0.082       20.926 0.084     1.8E10   
  1006  28.174237  -13.918444  0.8485 1  0    24.493 0.028      24.458 0.034    24.004 0.021      23.941 0.026    23.849 0.032      23.764 0.038    24.285 0.28       23.656 0.262    24.826  0.625       23.236 0.314     7.6E8    
  1067  28.165792  -13.922325  0.8312 0  -4   24.838 0.044      24.762 0.046    23.729 0.019      23.655 0.02     23.205 0.02       23.123 0.021    23.339 0.181      22.674 0.153    22.36   0.145       21.806 0.128     6.1E9    
  1099  28.199942  -13.925269  0.823  0  8    23.624 0.02       23.82  0.013    22.649 0.01       22.88  0.007    22.209 0.012      22.464 0.008    21.899 0.093      21.915 0.107    21.175  0.084       21.215 0.097     2.3E10   
  1102  28.185017  -13.924292  0.8342 0  1    24.39  0.035      24.356 0.032    23.247 0.015      23.247 0.014    22.688 0.015      22.707 0.015    22.687 0.134      22.236 0.124    22.094  0.128       21.613 0.117     9.6E9    
  1112  28.148567  -13.929303  0.8666 1  1    24.424 0.034      24.476 0.025    23.66  0.02       23.792 0.016    23.368 0.027      23.512 0.021    23.674 0.214      23.463 0.219    24.114  0.492       23.828 0.445     2.1E9    
  1131  28.156673  -13.927908  0.8237 1  -1   24.238 0.014      24.16  0.018    23.829 0.011      23.738 0.015    23.464 0.014      23.373 0.019    24.393 0.302      23.475 0.239    24.444  0.423       23.215 0.289     1.7E9    
  1132  28.171437  -13.927847  0.8259 0  -2   23.823 0.02       23.812 0.019    22.77  0.009      22.751 0.009    22.172 0.009      22.147 0.009    21.916 0.094      21.509 0.088    20.973  0.076       20.58  0.072     2.7E10   
  1146  28.165402  -13.930001  0.8641 1  -1   23.769 0.011      23.717 0.012    23.004 0.006      22.952 0.007    22.696 0.008      22.623 0.009    22.928 0.149      22.182 0.121    22.606  0.169       22.134 0.165     6.0E9    
  1151  28.181705  -13.931336  0.833  0  -1   23.781 0.022      23.832 0.019    22.559 0.009      22.602 0.008    21.935 0.009      21.976 0.007    21.603 0.081      21.29  0.08     20.912  0.074       20.609 0.073     2.1E10   
  1172  28.156165  -13.930423  0.8373 0  -5   22.497 0.007      22.723 0.005    21.324 0.003      21.524 0.002    20.696 0.003      20.898 0.002    20.29  0.045      20.3   0.051    19.571  0.04        19.58  0.046     1.2E11   
  1184  28.18555   -13.931554  0.8288 0  -5   23.105 0.017      23.342 0.012    21.89  0.007      22.108 0.005    21.246 0.006      21.448 0.005    20.757 0.055      20.74  0.062    19.987  0.048       19.962 0.054     9.6E10   
  1204  28.1763    -13.933547  0.8416 0  3    23.756 0.027      23.832 0.019    22.559 0.011      22.68  0.008    21.99  0.011      22.107 0.008    21.579 0.08       21.402 0.084    20.739  0.068       20.598 0.072     3.5E10   
  1225  28.181973  -13.934176  0.8399 0  -1   23.773 0.016      23.722 0.018    22.614 0.007      22.57  0.007    22.005 0.007      21.955 0.007    22.039 0.099      21.361 0.083    21.347  0.09        20.714 0.076     1.8E10   
  1226  28.150282  -13.934832  0.831  0  -2   23.22  0.015      23.295 0.011    21.997 0.006      22.087 0.004    21.357 0.006      21.458 0.004    21.033 0.064      20.901 0.068    20.323  0.058       20.186 0.061     6.2E10   
  1238b 28.157593  -13.935613  0.8456 1  7    26.221 0.032      25.976 0.043    25.736 0.025      25.831 0.044    25.559 0.036      25.756 0.071    25.965 0.712      26.816 4.015    25.223  0.535       24.103 0.437     2.7E8    
  1239  28.150659  -13.935531  0.865  0  -4   22.195 0.009      22.511 0.006    21.009 0.004      21.313 0.002    20.33  0.003      20.637 0.002    19.941 0.038      20.069 0.046    19.184  0.034       19.332 0.041     1.6E11   
  1246  28.168779  -13.935972  0.8306 0  -5   24.078 0.016      24.041 0.016    22.939 0.007      22.895 0.007    22.395 0.007      22.349 0.007    22.354 0.114      21.888 0.104    21.62   0.103       21.138 0.093     1.3E10   
  1258  28.158652  -13.940972  0.8394 1  1    22.145 0.01       22.87  0.006    21.075 0.004      21.711 0.003    20.519 0.004      21.114 0.003    19.977 0.039      20.344 0.052    19.162  0.034       19.489 0.044     2.0E11   
  1278  28.176774  -13.938322  0.8215 0  -2   22.414 0.008      22.839 0.006    21.247 0.004      21.581 0.002    20.611 0.003      20.911 0.002    20.123 0.041      20.207 0.049    19.34   0.036       19.404 0.042     1.6E11   
  1290  28.220068  -13.939845  0.8416 1  6    22.216 0.009      22.719 0.007    21.492 0.006      21.979 0.004    21.196 0.008      21.668 0.006    20.817 0.057      21.07  0.073    20.39   0.06        20.502 0.07      5.4E10   
  1316  28.165367  -13.941583  0.8456 1  8    23.707 0.017      23.834 0.013    22.829 0.009      22.937 0.007    22.471 0.012      22.588 0.009    22.114 0.101      21.949 0.107    21.579  0.102       21.362 0.103     1.5E10   
  1338  28.160511  -13.942474  0.8331 0  -4   23.089 0.018      23.514 0.011    21.855 0.007      22.283 0.004    21.237 0.007      21.608 0.004    20.735 0.056      20.889 0.067    20.074  0.053       20.207 0.062     8.5E10   
  1356  28.188817  -13.943542  0.829  0  -5   23.828 0.02       23.997 0.016    22.775 0.009      22.912 0.007    22.199 0.009      22.331 0.007    21.867 0.092      21.73  0.098    21.157  0.083       21.02  0.088     2.7E10   
  1367  28.150141  -13.942192  0.8352 0  -2   23.197 0.018      23.508 0.014    22.049 0.008      22.293 0.006    21.419 0.007      21.656 0.006    21.059 0.063      21.01  0.07     20.288  0.056       20.243 0.062     5.9E10   
  1383  28.195113  -13.947133  0.8334 1  -4   24.628 0.024      24.578 0.027    23.513 0.011      23.464 0.012    22.906 0.01       22.85  0.011    23.031 0.157      22.414 0.134    22.274  0.139       21.609 0.116     7.7E9    
  1386  28.190879  -13.945919  0.8388 0  -5   23.358 0.015      23.553 0.011    22.129 0.006      22.333 0.004    21.445 0.006      21.642 0.004    21.031 0.062      21.007 0.07     20.179  0.053       20.154 0.059     8.7E10   
  1442  28.17912   -13.959504  0.8318 0  -5   22.688 0.008      23.055 0.005    21.424 0.003      21.776 0.002    20.693 0.003      21.055 0.002    20.193 0.042      20.345 0.051    19.358  0.036       19.503 0.044     2.1E11   
  1454  28.179089  -13.957226  0.8452 0  -3   24.242 0.013      24.217 0.012    23.235 0.006      23.209 0.006    22.608 0.006      22.578 0.006    22.462 0.127      22.251 0.135    21.707  0.111       21.497 0.117     1.8E10   
  1465  28.180666  -13.957206  0.8365 0  -4   23.311 0.011      23.462 0.007    22.06  0.004      22.204 0.003    21.309 0.004      21.461 0.002    20.759 0.056      20.747 0.063    19.901  0.048       19.867 0.053     1.4E11   
  1466  28.182437  -13.955175  0.8395 0  -5   22.104 0.006      22.951 0.004    20.947 0.003      21.755 0.002    20.253 0.002      21.065 0.002    19.745 0.036      20.241 0.05     19.119  0.035       19.503 0.045     2.1E11   
  1467  28.182882  -13.955426  0.8412 0  -5   22.271 0.005      22.725 0.004    21.093 0.002      21.535 0.002    20.388 0.002      20.839 0.001    19.918 0.039      20.086 0.047    19.147  0.034       19.312 0.041     2.1E11   
  1483  28.197421  -13.955022  0.8415 0  -1   24.033 0.028      24.079 0.024    22.757 0.01       22.816 0.009    22.102 0.01       22.161 0.009    21.863 0.091      21.513 0.089    21.174  0.084       20.825 0.08      1.8E10   
  1496  28.143862  -13.978206  0.83   0  -1   23.593 0.022      23.734 0.018    22.395 0.009      22.528 0.007    21.789 0.009      21.905 0.007    21.242 0.069      21.037 0.072    20.28   0.056       20.101 0.058     7.9E10   
  1499  28.212358  -13.958334  0.8462 0  1    23.799 0.017      23.726 0.017    22.687 0.007      22.639 0.008    22.036 0.007      21.983 0.007    22.119 0.103      21.445 0.086    21.229  0.086       20.603 0.073     1.8E10   
  1500  28.213113  -13.957621  0.8477 0  1    22.303 0.012      22.663 0.007    21.142 0.005      21.534 0.003    20.494 0.005      20.872 0.003    20.074 0.04       20.274 0.05     19.353  0.036       19.521 0.044     1.5E11   
  1501  28.21666   -13.970745  0.8473 0  -1   22.475 0.013      22.852 0.008    21.27  0.005      21.68  0.003    20.603 0.005      21.011 0.003    20.112 0.041      20.312 0.051    19.244  0.034       19.444 0.043     1.9E11   
  1514  28.135171  -14.00835   0.8264 0  -5   nan   nan       nan   nan     nan   nan       nan   nan     nan   nan       nan   nan     nan   nan       nan   nan     nan    nan        nan   nan      nan    
  1530  28.21259   -14.005223  0.8367 1  3    nan   nan       nan   nan     nan   nan       nan   nan     nan   nan       nan   nan     nan   nan       nan   nan     nan    nan        nan   nan      nan    
  1532  28.183664  -14.01098   0.8413 1  3    23.368 0.022      23.643 0.016    22.61  0.013      22.868 0.009    22.275 0.017      22.536 0.012    24.009 0.0        24.44  0.0      21.313  0.0         21.759 0.0       nan    
  3013  28.128627  -13.962331  0.8224 1  -4   24.823 0.064      24.869 0.051    23.553 0.024      23.687 0.021    23.231 0.03       23.339 0.026    13.274 0.0        13.05  0.0      12.764  0.0         12.555 0.0       nan    
  3014  28.126345  -13.953463  0.8474 1  6    22.098 0.01       22.788 0.008    21.363 0.006      21.991 0.005    21.103 0.008      21.7   0.006    11.849 0.0        13.05  0.0      11.339  0.0         12.555 0.0       nan    
  3015  28.231959  -13.947306  0.8457 0  -4   23.205 0.019      23.444 0.013    22.016 0.008      22.243 0.005    21.293 0.007      21.512 0.005    98.986 nan       98.732 nan     98.991  nan        98.752 nan      nan    
  5004  28.130333  -13.946144  0.8292 1  3    24.521 0.046      24.562 0.039    23.311 0.018      23.38  0.016    22.741 0.018      22.799 0.016    19.75  0.035      24.178 0.05     23.131  0.084       22.819 0.084     3.8E9    
  5010  28.142258  -13.938281  0.8691 1  0    24.611 0.038      24.583 0.039    23.866 0.023      23.828 0.023    23.532 0.029      23.49  0.03     23.604 0.23       23.109 0.22     22.933  0.209       22.572 0.218     3.6E9    
  5011  28.143371  -13.938303  0.8691 1  0    24.23  0.028      24.186 0.027    23.699 0.021      23.649 0.02     23.383 0.027      23.332 0.026    23.431 0.196      22.904 0.18     23.142  0.231       22.733 0.232     3.4E9    
  5015  28.206679  -13.977392  0.846  0  -2   23.939 0.019      24.02  0.016    22.768 0.008      22.833 0.006    22.075 0.007      22.133 0.006    21.814 0.089      21.549 0.09     21.081  0.08        20.831 0.081     3.2E10   
  5020  28.225229  -13.980014  0.8387 1  6    22.226 0.011      23.088 0.01     21.405 0.006      22.143 0.005    21.07  0.008      21.723 0.006    20.591 0.053      20.901 0.067    19.967  0.052       20.239 0.062     9.3E10   
  5027  28.198604  -14.013047  0.8381 1  7    nan   nan       nan   nan     nan   nan       nan   nan     nan   nan       nan   nan     nan   nan       nan   nan     nan    nan        nan   nan      nan    
  5034  28.181696  -13.977425  0.8304 0  0    25.013 0.048      24.955 0.053    23.722 0.018      23.66  0.02     23.071 0.017      23.006 0.019    23.168 0.167      22.561 0.144    22.434  0.149       21.981 0.139     7.1E9    
  5042  28.182488  -14.009394  0.8287 1  -1   23.99  0.02       23.939 0.021    22.766 0.008      22.733 0.009    22.181 0.008      22.141 0.009    98.986 nan       98.732 nan     98.991  nan        98.752 nan      nan    
  5049  28.179425  -13.907953  0.8447 1  1    23.599 0.023      23.843 0.019    22.35  0.009      22.581 0.008    21.752 0.009      21.944 0.007    98.986 nan       98.732 nan     98.991  nan        98.752 nan      nan    
  5063  28.195446  -13.902383  0.8402 0  -5   23.741 0.019      23.726 0.017    22.593 0.008      22.58  0.007    21.96  0.008      21.944 0.007    98.986 nan       98.732 nan     98.991  nan        98.752 nan      nan    
