#Full   [TKA2006]    RAJ2000       DEJ2000    z'mag   V-Rc  Rc-i'  i'-z'   zph     zsp     zspmin   zspmax zconf
#                       "h:m:s"       "d:m:s"     mag    mag    mag    mag                                         
#------------------------
    1   F1-3         01 52 51.66  -13 57 12.35  24.02   0.30   0.20   0.22   1.52   0.3150   0.3150   0.3151     0
    2   F1-4a        01 52 51.14  -13 57 29.78  22.75   1.22  -2.06   0.22    -1      0.5165   0.5165   0.5166     0
    3   F1-4b        01 52 50.96  -13 57 30.10  21.78   1.03   1.01   0.72   0.88   0.8455   0.8448   0.8462     0
    4   F1-5         01 52 50.51  -13 57 12.09  21.87   1.15   1.00   0.66   0.85   0.8350   0.8344   0.8354     0
    5   F1-6         01 52 50.06  -13 57 34.89  22.64   1.17   1.13   0.63   0.80   0.8406   0.8404   0.8408     0
    6   F1-7         01 52 49.29  -13 57 27.79  21.47   1.18   1.03   0.84   0.93   0.9588   0.9577   0.9601     0
    7   F1-9         01 52 47.98  -13 55 31.11  22.17   0.73   0.89   0.49   0.83   0.7612   0.7606   0.7616     1
    8   F1-10        01 52 47.45  -13 56 25.81  22.85   0.26   0.47   0.37   1.11   1.0540   1.0540   1.0541     0
    9   F1-11        01 52 46.86  -13 56 42.64  23.49   0.26   0.59   0.39   1.02   1.0552   1.0551   1.0553     0
   10   F1-14        01 52 45.35  -13 57 07.94  23.69   0.86  -0.06  -0.09   0.36   3.9280   3.9279   3.9280     0
   11   F1-15       01 52 45.18  -13 57 04.26  23.59   0.96   0.09   0.19    -1      3.9276   3.9275   3.9277     0
   12   F1-16        01 52 44.45  -13 56 56.02  23.95   0.90  -0.08  -0.05   0.38   3.9277   3.9277   3.9278     0
   13   F1-21        01 52 41.13  -13 57 43.03  21.31   1.29   1.20   0.79   0.87   0.8323   0.8318   0.8328     0
   14   F1-23        01 52 39.68  -13 56 29.81  22.45   0.68   0.85   0.39   0.80   0.8460   0.8458   0.8461     0
   15   F1-25        01 52 38.02  -13 57 39.96  22.62   0.57   0.63   0.40   0.87   0.8272   0.8270   0.8273     0
   16   F1-26        01 52 37.28  -13 58 03.92  22.89   0.46   0.65   0.32   0.88   0.8558   0.8557   0.8559     0
   17   F1-27        01 52 36.81  -13 58 27.22  21.91   1.21   1.08   0.69   0.85   0.8407   0.8398   0.8414     0
   18   F1-28        01 52 36.22  -13 56 37.37  20.90   1.24   1.12   0.71   0.84   0.8323   0.8320   0.8326     0
   19   F1-29        01 52 35.50  -13 56 49.70  21.54   1.26   1.15   0.75   0.86   0.8290   0.8285   0.8293     0
   20   F1-30        01 52 35.03  -13 56 48.44  22.85   0.26   0.53   0.31   1.02   0.9904   0.9904   0.9905     0
   21   F1-31        01 52 34.38  -13 56 18.30  22.66   0.51   0.60   0.30   0.84   0.8678   0.8678   0.8679     0
   22   F1-33        01 52 32.76  -13 56 48.01  23.95   0.77   0.24   0.05   0.43   0.6381   0.6380   0.6382     0
   23   F1-34        01 52 32.31  -13 56 36.42  22.57   0.90   0.35   0.24   0.49   0.6161   0.6160   0.6162     0
   24   F1-35        01 52 31.78  -13 56 19.57  22.52   0.69   0.74   0.42   0.80   0.8389   0.8388   0.8389     0
   25   F1-36        01 52 31.28  -13 56 46.23  22.63   1.09   1.17   0.61   0.80   0.8281   0.8272   0.8289     1
   26   F1-37        01 52 30.59  -13 56 50.72  24.14   0.55  -0.27   0.33   2.05   0.3195   0.3194   0.3195     0
   27   F1-38        01 52 29.93  -13 57 13.07  23.22   0.37   0.58   0.28   0.95   0.9809   0.9808   0.9810     0
   28   F1-39        01 52 29.49  -13 56 13.68  23.57   0.53   0.60   0.33   0.85   0.8665   0.8664   0.8665     0
   29   F2-2         01 52 52.00  -14 00 22.75  22.45   0.42   0.53   0.32   0.96   0.8378   0.8377   0.8378     0
   30   F2-3         01 52 53.43  -14 00 48.43  22.04   1.16   1.04   0.64   0.83   0.8337   0.8328   0.8349     1
   31   F2-6         01 52 53.43  -13 59 30.05  21.29   1.19   1.17   0.74   0.84   0.8653   0.8652   0.8655     0
   32   F2-8         01 52 54.05  -13 58 48.20  20.94   0.67   0.81   0.49   0.85   0.8398   0.8396   0.8403     0
   33   F2-9         01 52 58.61  -14 01 28.59  21.67   0.50   0.77   0.36   0.86   0.8500   0.8498   0.8503     0
   34   F2-10        01 52 56.59  -13 59 48.82  22.30   0.31   0.60   0.37   0.97   0.9872   0.9871   0.9873     0
   35   F2-11        01 52 55.40  -13 58 37.94  20.02   1.22   1.12   0.76   0.85   0.8411   0.8407   0.8414     0
   36   F2-12        01 52 59.31  -14 00 51.77  20.08   0.80   0.84   0.46   0.77   0.7480   0.7476   0.7484     0
   37   F2-13        01 52 56.91  -13 58 47.07  22.24   0.99   1.01   0.58   0.81   0.7431   0.7423   0.7439     1
   38   F2-15        01 52 59.70  -13 59 58.74  23.51   0.71   0.82   0.41   0.80   0.8959   0.8958   0.8960     0
   39   F2-16        01 53 00.21  -13 59 52.96  21.63   0.75   0.92   0.53   0.84   0.8449   0.8447   0.8450     0
   40   F2-17        01 52 59.23  -13 58 41.76  22.18   1.47   1.02   0.90   1.03   0.9552   0.9547   0.9562     1
   41   F2-18        01 53 02.61  -14 00 32.31  21.93   1.10   1.06   0.73   0.86   0.8929   0.8925   0.8932     0
   42   F2-20        01 53 00.09  -13 58 00.57  19.71   1.18   1.11   0.69   0.81   0.8409   0.8405   0.8414     0
   43   F2-21        01 53 01.07  -13 58 18.08  22.83   0.51   0.66   0.34   0.86   0.8461   0.8459   0.8463     1
   44   F2-23        01 53 03.82  -13 59 04.39  22.87   0.43   0.63   0.32   0.91   0.9106   0.9106   0.9107     0
   45   F2-24        01 53 02.64  -13 57 40.08  21.08   0.66   0.79   0.47   0.84   0.8398   0.8397   0.8400     0
   46   F2-26        01 53 04.85  -13 58 05.12  22.53   0.91   1.05   0.67   0.85   0.9321   0.9317   0.9325     0
   47   F2-27        01 53 07.36  -13 59 22.71  23.56   0.69   0.26   0.10   0.39   0.6334   0.6332   0.6335     0
   48   F2-29        01 53 07.74  -13 58 48.58  22.21   0.43   0.55   0.51   1.02   1.0364   1.0364   1.0364     0
   49   F2-30        01 53 07.07  -13 58 00.21  23.80   0.66   0.23   0.16   0.37   0.4850   0.4847   0.4853     0
   50   F2-33        01 53 09.00  -13 58 01.11  21.23   1.01   1.01   0.69   0.86   0.8443   0.8442   0.8445     0
   51   F2-34        01 53 10.46  -13 58 37.44  24.04   0.77   0.43   0.16   0.53   0.6337   0.6336   0.6339     0
   52   F2-35        01 53 09.07  -13 57 14.57  20.96   1.06   1.00   0.66   0.84   0.8449   0.8446   0.8453     0
   53   F2-36        01 53 10.41  -13 57 36.90  21.77   0.75   0.54   0.34   0.66   0.7212   0.7212   0.7213     0
   54   F2-37        01 53 11.22  -13 57 48.67  22.50   0.55   0.57   0.27   0.79   0.7897   0.7897   0.7897     0
   55   F2-38        01 53 12.88  -13 58 06.82  21.00   0.80   0.61   0.38   0.69   0.7228   0.7227   0.7228     0
   56   F2-39        01 53 13.57  -13 58 12.62  22.06   0.50   0.28   0.33   0.19   0.4244   0.4244   0.4245     0
   57   F3-1         01 52 49.00  -13 59 02.22  21.87   1.26   1.10   0.72   0.86   0.8466   0.8461   0.8471     1
   58   F3-2         01 52 49.05  -13 59 21.25  22.52   0.65   0.87   0.49   0.86   0.8389   0.8372   0.8404     1
   59   F3-5         01 52 48.93  -13 59 52.07  22.02   1.22   1.07   0.71   0.87   0.8476   0.8473   0.8483     1
   60   F3-8         01 52 49.40  -14 00 43.13  21.63   1.10   1.11   0.75   0.86   0.8322   0.8317   0.8327     1
   61   F3-10        01 52 48.47  -14 00 58.19  23.33   0.73   0.29   0.13   0.42   0.5447   0.5446   0.5449     0
   62   F3-11        01 52 44.30  -14 00 06.22  21.64   1.27   1.14   0.78   0.87   0.8420   0.8417   0.8423     1
   63   F3-13        01 52 44.03  -14 00 25.98  21.53   0.37   0.13   0.27   0.14   0.3323   0.3323   0.3324     0
   64   F3-14        01 52 43.79  -14 00 33.90  22.02   1.19   1.09   0.67   0.83   0.8282   0.8278   0.8289     0
   65   F3-15        01 52 46.02  -14 01 23.94  21.44   0.57   0.71   0.43   0.86   0.8369   0.8368   0.8371     0
   66   F3-17        01 52 44.87  -14 01 32.76  20.47   1.26   1.00   0.99   0.97   0.9599   0.9592   0.9609     1
   67   F3-19        01 52 42.37  -14 01 10.49  22.66   0.44   0.69   0.33   0.88   0.9081   0.9081   0.9081     1
   68   F3-21        01 52 42.43  -14 01 31.24  22.93   0.73   0.34   0.01   0.43   0.6346   0.6346   0.6346     0
   69   F3-22        01 52 39.33  -14 00 59.80  21.40   1.02   1.07   0.75   0.87   0.9313   0.9310   0.9316     0
   70   F3-23        01 52 40.02  -14 01 21.87  21.20   0.80   0.91   0.55   0.83   0.8404   0.8402   0.8405     0
   71   F3-25        01 52 33.76  -13 59 57.77  22.23   0.69   0.76   0.46   0.84   0.8279   0.8275   0.8287     1
   72   F3-27        01 52 41.26  -14 02 33.83  22.02   0.54   0.32   0.34   0.17   0.7458   0.7457   0.7459     0
   73   F3-28        01 52 41.05  -14 02 40.13  22.44   0.48   0.65   0.27   0.84   0.8390   0.8390   0.8391     0
   74   F3-32        01 52 30.55  -14 00 23.31  22.67   0.49   0.58   0.33   0.88   0.8400   0.8399   0.8400     0
   75   F3-35        01 52 36.83  -14 02 55.37  22.28   0.31   0.19   0.14   0.17   0.2392   0.2391   0.2392     0
   76   F3-38        01 52 30.53  -14 01 53.08  21.99   0.65   0.79   0.40   0.82   0.8263   0.8259   0.8266     0
   77   F3-39        01 52 30.66  -14 02 11.13  21.67   0.88   0.40   0.19   0.48   0.6313   0.6312   0.6313     0
   78   F3-40        01 52 31.84  -14 02 46.22  20.59   0.68   0.40   0.41   0.20   0.3204   0.3203   0.3205     0
   79   F3-41        01 52 29.70  -14 02 26.25  21.69   0.79   0.31   0.23   0.42   0.5578   0.5576   0.5580     0
   80   F3-42        01 52 29.26  -14 02 27.16  20.12   1.28   0.79   0.51   0.58   0.5562   0.5560   0.5565     0
   81   F4-3         01 52 34.40  -14 08 32.24  21.21   0.63   0.65   0.33   0.77   0.7655   0.7654   0.7656     0
   82   F4-4         01 52 34.86  -14 08 26.46  21.43   0.63   0.66   0.40   0.81   0.7050   0.7048   0.7051     0
   83   F4-5         01 52 39.40  -14 09 30.86  20.58   1.10   1.11   0.58   0.77   0.7679   0.7673   0.7684     0
   84   F4-7         01 52 34.46  -14 07 39.03  23.78   0.40   0.11   0.01   1.65   1.0635   1.0632   1.0639     0
   85   F4-8         01 52 33.17  -14 07 02.75  22.14   1.25   1.10   0.74   0.87   0.8352   0.8349   0.8355     0
   86   F4-9         01 52 32.95  -14 06 42.79  21.31   1.15   1.08   0.70   0.84   0.8349   0.8342   0.8357     0
   87   F4-10        01 52 35.03  -14 07 06.63  21.43   0.73   0.88   0.57   0.86   0.8385   0.8375   0.8392     1
   88   F4-11        01 52 34.96  -14 06 55.24  22.56   0.65   0.67   0.33   0.77   0.7861   0.7860   0.7862     0
   89   F4-12        01 52 35.88  -14 06 49.25  23.31   0.55   0.37   0.31   0.18   0.7666   0.7665   0.7667     0
   90   F4-13        01 52 37.61  -14 07 00.55  21.75   1.12   1.05   0.68   0.84   0.8356   0.8352   0.8360     0
   91   F4-14        01 52 36.90  -14 06 28.97  20.81   0.89   1.04   0.62   0.83   0.8405   0.8403   0.8408     0
   92   F4-15        01 52 37.13  -14 06 17.18  20.18   1.19   1.14   0.76   0.84   0.8333   0.8329   0.8340     0
   93   F4-16        01 52 38.60  -14 06 23.20  21.74   1.15   1.09   0.67   0.83   0.8276   0.8268   0.8290     1
   94   F4-17        01 52 38.59  -14 06 10.68  21.34   0.58   0.69   0.38   0.82   0.8284   0.8283   0.8285     0
   95   F4-19        01 52 37.10  -14 05 04.26  20.65   1.15   1.02   0.70   0.86   0.8350   0.8349   0.8352     0
   96   F4-23        01 52 41.63  -14 05 23.83  21.06   0.59   0.73   0.50   0.90   0.8298   0.8297   0.8300     0
   97   F4-25        01 52 42.42  -14 05 14.55  19.13   0.74   0.95   0.63   0.81   0.3123   0.3122   0.3125     0
   98   F4-31        01 52 44.71  -14 04 42.71  21.75   0.51   0.73   0.37   0.86   0.8740   0.8739   0.8742     0
   99   F4-32        01 52 49.68  -14 05 55.13  19.62   0.95   0.99   0.54   0.77   0.7482   0.7475   0.7490     0
  100   F4-34        01 52 50.21  -14 05 20.91  22.88   0.66   0.37   0.19   0.33   0.6972   0.6971   0.6973     0
  101   F5-3         01 53 06.81  -13 55 24.28  20.79   0.75   0.91   0.54   0.83   0.7798   0.7791   0.7808     0
  102   F5-5         01 53 14.54  -13 56 45.01  21.70   1.29   0.87   0.66   0.88   0.6927   0.6924   0.6930     0
  103   F5-6        01 53 09.91  -13 55 15.95  24.04   0.50   0.47   0.01    -1      0.6840   0.6837   0.6843     1
  104   F5-7         01 53 11.83  -13 55 25.31  21.71   0.68   0.87   0.50   0.85   0.8454   0.8448   0.8459     0
  105   F5-8         01 53 11.72  -13 55 10.96  21.28   1.07   0.56   0.49   0.57   0.6142   0.6141   0.6143     0
  106   F5-9         01 53 12.00  -13 55 06.41  22.66   0.80   0.33   0.17   0.46   0.6353   0.6351   0.6353     0
  107   F5-10        01 53 09.27  -13 54 13.28  22.28   0.53   0.60   0.36   0.87   0.8420   0.8420   0.8420     0
  108   F5-11        01 53 11.07  -13 54 32.38  21.54   0.88   0.99   0.62   0.84   0.8415   0.8412   0.8418     0
  109   F5-12        01 53 17.23  -13 55 42.34  20.45   1.09   1.14   0.71   0.82   0.8451   0.8448   0.8454     0
  110   F5-15        01 53 12.90  -13 53 49.24  21.53   1.20   1.08   0.75   0.87   0.8466   0.8463   0.8469     0
  111   F5-16        01 53 16.56  -13 54 33.66  20.38   1.27   1.14   0.78   0.86   0.8460   0.8454   0.8464     0
  112   F5-17        01 53 17.43  -13 54 37.82  21.30   1.11   1.04   0.56   0.76   0.7464   0.7461   0.7466     0
  113   F5-18        01 53 17.85  -13 54 26.12  21.47   1.19   1.11   0.79   0.87   0.8464   0.8460   0.8468     1
  114   F5-19        01 53 15.08  -13 53 35.48  22.10   0.60   0.63   0.34   0.80   0.8340   0.8340   0.8341     0
  115   F5-20        01 53 19.02  -13 54 19.50  21.94   0.71   0.87   0.53   0.85   0.8404   0.8399   0.8406     0
  116   F5-23        01 53 16.54  -13 53 03.40  22.04   0.69   0.81   0.51   0.86   0.8448   0.8446   0.8451     0
  117   F5-24        01 53 16.88  -13 52 59.97  21.27   1.16   1.11   0.71   0.84   0.8432   0.8425   0.8442     0
  118   F5-25        01 53 20.97  -13 53 49.78  21.68   0.62   0.68   0.38   0.81   0.8326   0.8325   0.8326     0
  119   F5-26        01 53 15.76  -13 52 15.95  20.61   0.75   0.86   0.56   0.85   0.8453   0.8452   0.8455     0
  120   F5-27        01 53 17.25  -13 52 23.41  21.67   0.50   0.23   0.29   0.21   0.3415   0.3412   0.3417     0
  121   F5-29        01 53 16.56  -13 51 57.71  20.76   0.79   0.93   0.58   0.84   0.8414   0.8412   0.8416     0
  122   F5-30        01 53 23.33  -13 53 18.91  21.40   1.07   1.12   0.77   0.86   0.8934   0.8933   0.8935     0
  123   F5-32        01 53 20.90  -13 52 18.62  21.25   1.10   1.04   0.74   0.87   0.8455   0.8447   0.8462     0
  124   F5-33        01 53 22.69  -13 52 29.71  22.43   0.72   0.84   0.50   0.85   0.8786   0.8786   0.8787     0
  125   F5-34        01 53 22.52  -13 52 13.39  22.70   0.51   0.25   0.29   0.22   0.3410   0.3408   0.3412     0
  126   F5-35        01 53 28.21  -13 53 22.22  21.62   0.65   0.47   0.24   0.25   0.7149   0.7149   0.7150     0
  127   F6-1         01 52 04.37  -14 02 11.54  23.59   0.42   0.15   0.27   0.19   0.3604   0.3603   0.3604     0
  128   F6-2         01 52 04.69  -14 03 00.36  22.18   0.46   0.17   0.34   0.17   0.3173   0.3172   0.3173     0
  129   F6-4         01 52 02.30  -14 02 00.39  20.62   1.18   1.10   0.79   0.86   0.8407   0.8397   0.8417     1
  130   F6-5         01 52 02.42  -14 02 25.92  20.47   1.18   1.08   0.72   0.84   0.8407   0.8402   0.8411     0
  131   F6-8         01 52 01.16  -14 03 44.01  21.60   0.69   0.86   0.48   0.83   0.8493   0.8490   0.8496     0
  132   F6-9         01 52 00.97  -14 04 20.03  21.27   0.88   0.97   0.65   0.86   0.8419   0.8415   0.8424     0
  133   F6-10        01 52 00.33  -14 04 22.38  22.39   0.59   0.76   0.37   0.83   0.8462   0.8461   0.8462     0
  134   F6-12        01 51 58.82  -14 04 07.71  21.04   0.55   0.72   0.38   0.84   0.8500   0.8499   0.8500     0
  135   F6-14        01 51 56.79  -14 04 10.38  21.22   1.22   1.06   0.76   0.88   0.8464   0.8459   0.8471     0
  136   F6-15        01 51 55.19  -14 03 29.53  22.85   0.49   0.55   0.55   1.04   1.0685   1.0684   1.0686     0
  137   F6-16        01 51 54.97  -14 03 46.87  22.70   0.65   0.70   0.43   0.84   0.8404   0.8401   0.8407     0
  138   F6-17        01 51 54.65  -14 04 11.02  20.04   1.27   1.14   0.78   0.86   0.8485   0.8483   0.8487     0
  139   F6-18        01 51 54.52  -14 05 06.40  21.24   1.19   1.07   0.75   0.87   0.8471   0.8468   0.8474     0
  140   F6-19        01 51 53.67  -14 05 11.41  22.42   0.56   0.70   0.38   0.85   0.8412   0.8410   0.8413     0
  141   F6-21        01 51 51.54  -14 04 35.66  21.52   1.18   1.07   0.69   0.85   0.8418   0.8414   0.8422     1
  142   F6-22        01 51 51.24  -14 04 44.32  21.50   1.25   1.07   0.76   0.88   0.8412   0.8404   0.8419     0
  143   F6-25        01 51 47.74  -14 03 17.96  21.27   0.47   0.65   0.35   0.88   0.7907   0.7903   0.7911     0
  144   F6-27        01 51 46.89  -14 03 31.94  23.42   0.27   0.34   0.63   1.22   1.1460   1.1459   1.1462     0
  145   F6-28        01 51 47.96  -14 05 04.61  21.13   0.95   1.05   0.71   0.86   0.8404   0.8399   0.8409     0
  146   F6-30        01 51 46.46  -14 04 15.61  21.14   0.71   0.85   0.75   0.95   0.9544   0.9539   0.9554     0
  147   F6-31        01 51 46.61  -14 04 52.05  21.95   0.40   0.69   0.45   0.94   0.9811   0.9810   0.9811     0
  148   F6-36        01 51 41.61  -14 03 45.75  20.65   1.12   0.86   0.53   0.67   0.6259   0.6254   0.6264     0
  149   F7-2         01 51 52.34  -14 11 28.89  20.97   0.60   0.66   0.23   0.76   0.7825   0.7824   0.7826     1
  150   F7-3         01 51 51.82  -14 10 58.84  22.19   0.28   0.52   0.32   1.01   0.9738   0.9738   0.9739     0
  151   F7-9         01 51 46.69  -14 13 25.69  20.57   0.93   0.94   0.79   0.92   0.8799   0.8795   0.8806     0
  152   F7-10        01 51 46.13  -14 13 24.79  21.33   0.55   0.68   0.40   0.86   0.8628   0.8627   0.8628     0
  153   F7-11        01 51 46.13  -14 12 27.08  20.99   0.53   0.71   0.41   0.87   0.8625   0.8620   0.8631     1
  154   F7-12        01 51 46.90  -14 10 42.44  21.53   1.15   1.09   0.71   0.84   0.7827   0.7822   0.7837     0
  155   F7-13        01 51 44.35  -14 13 29.43  21.15   0.59   0.80   0.55   0.90   0.8206   0.8190   0.8215     1
  156   F7-15        01 51 43.30  -14 13 40.95  22.63   0.56   0.60   0.35   0.84   0.8463   0.8462   0.8464     0
  157   F7-16        01 51 43.17  -14 13 19.28  20.12   1.14   1.12   0.68   0.82   0.7835   0.7833   0.7836     0
  158   F7-17        01 51 42.77  -14 13 01.39  21.21   1.12   1.09   0.60   0.78   0.7807   0.7801   0.7812     0
  159   F7-18        01 51 42.10  -14 13 19.32  21.37   1.04   1.09   0.64   0.82   0.7869   0.7863   0.7874     0
  160   F7-20        01 51 41.11  -14 13 19.14  19.84   1.11   1.14   0.66   0.80   0.7796   0.7788   0.7805     0
  161   F7-21        01 51 40.95  -14 12 30.60  21.59   0.74   0.78   0.41   0.78   0.7814   0.7810   0.7817     0
  162   F7-22        01 51 39.17  -14 14 09.43  21.73   1.01   0.89   0.64   0.87   0.8148   0.8146   0.8149     0
  163   F7-23        01 51 38.76  -14 13 22.57  21.97   1.04   1.01   0.57   0.79   0.7814   0.7809   0.7817     0
  164   F7-25        01 51 37.62  -14 12 43.02  22.69   0.44   0.51   0.32   0.97   0.8648   0.8647   0.8649     0
  165   F7-27        01 51 36.29  -14 13 06.36  21.15   1.11   1.12   0.67   0.82   0.7846   0.7841   0.7851     0
  166   F7-29        01 51 35.39  -14 13 00.57  22.42   0.57   0.16   0.39   0.18   0.7223   0.7221   0.7228     0
  167   F7-31        01 51 36.08  -14 10 41.92  22.45   0.35   0.61   0.46   0.99   0.9726   0.9726   0.9727     0
  168   F7-34        01 51 33.90  -14 11 26.99  21.60   0.84   0.98   0.66   0.87   0.8642   0.8636   0.8648     0
  169   F7-35        01 51 32.00  -14 12 46.80  20.54   0.95   1.05   0.62   0.82   0.8785   0.8784   0.8786     0
  170   F7-36        01 51 32.32  -14 11 22.38  22.19   0.72   0.91   0.56   0.86   0.8679   0.8677   0.8682     1
  171   F7-41        01 51 29.30  -14 11 09.78  21.63   0.54   0.58   0.37   0.88   0.8838   0.8838   0.8839     0
  172   F8-5         01 52 53.40  -14 03 40.16  22.22   0.52   0.79   0.47   0.90   0.9064   0.9062   0.9065     1
  173   F8-6         01 52 53.14  -14 03 48.89  21.59   0.65   0.91   0.58   0.88   0.9063   0.9060   0.9066     1
  174   F8-8         01 52 55.04  -14 04 25.69  21.78   1.25   1.06   0.81   0.91   0.9052   0.9039   0.9063     1
  175   F8-11        01 52 59.69  -14 05 20.42  21.92   0.64   0.65   0.30   0.76   0.7615   0.7614   0.7616     0
  176   F8-14        01 53 00.31  -14 06 00.09  19.46   1.18   0.96   0.67   0.85   0.7663   0.7661   0.7664     0
  177   F8-15        01 53 00.55  -14 06 08.36  21.39   0.81   0.42   0.36   0.33   0.5550   0.5548   0.5552     0
  178   F8-16        01 52 59.80  -14 06 11.09  22.73   0.42   0.14   0.46   1.29   0.7448   0.7447   0.7450     0
  179   F8-20        01 52 58.41  -14 06 48.33  20.13   1.11   1.12   0.59   0.77   0.7454   0.7448   0.7461     0
  180   F8-22        01 52 57.97  -14 06 59.12  21.71   0.99   0.91   0.46   0.71   0.7368   0.7342   0.7379     1
  181   F8-23        01 52 56.53  -14 07 00.30  21.21   1.16   1.18   0.61   0.78   0.7446   0.7442   0.7449     0
  182   F8-28        01 52 47.31  -14 06 59.43  22.15   0.56   0.73   0.43   0.88   0.8848   0.8846   0.8849     0
  183   F8-29        01 52 50.53  -14 07 23.64  21.79   1.11   1.09   0.57   0.77   0.7449   0.7444   0.7457     1
  184   F8-30        01 52 48.51  -14 07 21.54  22.81   0.46   0.55   0.28   0.90   0.8350   0.8349   0.8350     0
  185   F8-31        01 52 52.43  -14 07 57.89  21.52   1.06   1.01   0.49   0.73   0.7483   0.7478   0.7490     0
  186   F8-32        01 52 51.65  -14 08 00.87  20.29   1.00   1.07   0.57   0.78   0.7453   0.7451   0.7456     0
  187   F8-33        01 52 50.67  -14 08 06.97  21.08   1.15   1.07   0.55   0.74   0.7436   0.7432   0.7440     0
  188   F8-34        01 52 50.22  -14 08 12.52  21.73   0.35   0.60   0.29   0.93   0.8862   0.8862   0.8863     0
  189   F8-36        01 52 48.73  -14 08 20.02  21.57   0.37   0.51   0.25   0.93   0.8851   0.8850   0.8852     0
  190   F8-37        01 52 47.86  -14 08 28.54  22.30   0.75   0.46   0.22   0.38   0.6817   0.6811   0.6821     1
  191   F8-38        01 52 51.84  -14 08 56.21  20.75   0.95   0.95   0.54   0.78   0.7408   0.7393   0.7417     1
  192   F8-39        01 52 51.90  -14 09 01.11  20.72   1.01   1.05   0.55   0.77   0.7466   0.7458   0.7472     0

