  24 22.80 22.74 0.67 1.61 -1 0.64 0.408  0.054 0.811 0.038  0.279 0.025 1.090 0.030 
 156 23.54 23.44 0.65 2.41  0 0.38 0.863  0.076 0.843 0.044  0.284 0.035 1.127 0.044 
 215 22.16 21.87 0.92 3.91  4 0.79 0.513  0.044 0.806 0.027  0.214 0.012 1.021 0.015 
 308 23.77 23.88 0.18 2.37 -5 0.76 0.027 -0.010 1.425 0.044  0.581 0.060 2.007 0.104 
 311 22.93 23.66 0.07 4.00  3 0.67 0.389  0.045 0.686 0.046  0.201 0.039 0.887 0.049 
 632 23.10 24.29 0.29 0.44  4 0.48 0.150  0.077 0.662 0.051  0.214 0.048 0.876 0.063 
 654 21.46 21.70 0.68 1.49  1 0.57 0.287  0.103 1.614 0.017  0.596 0.007 2.210 0.013 
 732 23.24 23.49 0.43 0.49  3 0.44 0.318  0.022 0.880 0.045  0.339 0.036 1.219 0.045 
 754 22.79 23.51 0.34 0.66  3 0.45 0.123  0.083 1.324 0.032  0.455 0.026 1.778 0.037 
 830 20.82 20.71 0.88 4.00 -1 0.66 0.193  0.106 1.641 0.014  0.691 0.010 2.332 0.013 
 846 21.32 21.32 0.44 4.00 -5 0.80 0.053  0.163 1.628 0.012  0.706 0.007 2.334 0.009 
 845 22.50 22.70 0.29 2.11 -2 0.41 0.161  0.144 1.743 0.061  0.781 0.017 2.524 0.050 
 984 21.86 22.07 0.31 4.00 -5 0.66 0.110  0.077 1.564 0.030  0.603 0.015 2.167 0.018 
1111 22.23 22.16 0.42 2.76 -2 0.89 0.154  0.152 1.166 0.022  0.501 0.011 1.667 0.027 
1192 23.55 23.58 0.51 1.97  3 0.65 0.695  0.085 0.708 0.046  0.158 0.037 0.866 0.047 
1461 21.56 22.06 0.27 4.00 -5 0.60 0.069  0.018 1.541 0.021  0.687 0.011 2.228 0.023 
1496 21.41 21.60 0.48 4.00 -5 0.81 0.084  0.017 1.619 0.016  0.647 0.020 2.267 0.009 
1509 22.37 22.42 0.21 4.00 -5 0.86 0.089  0.071 1.591 0.034  0.679 0.020 2.270 0.024 
1644 22.98 22.98 0.17 4.00 -2 0.63 0.110  0.068 0.913 0.040  0.258 0.028 1.171 0.035 
1679 22.44 22.38 0.53 4.00  1 0.69 0.332  0.057 1.125 0.050  0.462 0.016 1.587 0.034 
1978 21.95 21.67 1.22 0.90  4 0.22 0.322  0.181 0.924 0.024  0.303 0.010 1.227 0.013 
1772 22.77 22.94 0.27 2.10 -4 0.71 0.138  0.065 1.430 0.040  0.413 0.028 1.843 0.034 
1814 22.65 22.48 0.38 4.00 -5 0.71 0.119  0.107 1.423 0.063  0.558 0.037 1.981 0.026 
1859 22.24 22.40 0.30 1.61  1 0.36 0.093  0.128 1.530 0.029  0.524 0.021 2.054 0.017 
2041 23.25 23.28 0.20 3.12 -5 0.79 0.050  0.168 1.463 0.043  0.677 0.033 2.140 0.041 
2143 20.58 20.63 1.10 4.00 -5 0.81 0.142  0.193 1.612 0.014  0.679 0.010 2.292 0.013 
2175 22.23 22.34 0.32 4.00 -1 0.71 0.105  0.043 1.611 0.033  0.692 0.019 2.303 0.022 
2178 22.38 22.58 0.18 3.17 -2 0.58 0.052  0.199 1.603 0.036  0.719 0.022 2.322 0.027 
2226 25.52 25.40 0.00 4.00  9 0.82 1.080  0.124 1.144 0.059  0.347 0.065 1.491 0.087 
2218 22.76 22.97 0.39 0.98  3 0.67 0.261 -0.012 0.922 0.040  0.121 0.028 1.043 0.035 
2225 23.44 23.48 0.40 2.92 -1 0.41 0.415  0.053 0.626 0.045  0.059 0.036 0.684 0.045 
2240 23.67 24.17 0.48 0.50  0 0.20 0.568  0.009 0.789 0.050  0.270 0.046 1.059 0.060 
2257 21.65 21.96 0.32 4.00 -5 0.85 0.055  0.176 1.616 0.028  0.606 0.013 2.222 0.016 
2301 22.20 22.38 0.24 4.00 -5 0.71 0.083  0.150 1.558 0.034  0.670 0.019 2.228 0.023 
2315 21.68 21.66 0.50 4.00 -2 0.48 0.131  0.072 1.702 0.024  0.790 0.010 2.492 0.013 
2328 22.01 22.21 0.35 2.39 -5 0.86 0.059  0.163 1.643 0.032  0.720 0.017 2.363 0.020 
2333 22.40 22.54 0.27 3.17 -1 0.31 0.103  0.236 1.386 0.035  0.335 0.022 1.721 0.026 
2385 22.75 22.90 0.30 1.81 -1 0.24 0.124  0.037 1.702 0.039  0.685 0.027 2.388 0.033 
2356 23.66 24.08 0.46 0.58  8 0.35 0.575  0.153 0.499 0.035 -0.116 0.169 0.383 0.201 
2353 21.17 21.27 0.42 3.49 -5 0.75 0.053  0.185 1.641 0.016  0.732 0.010 2.373 0.013 
2390 21.23 21.13 0.79 4.00 -5 0.81 0.155  0.121 1.633 0.014  0.734 0.010 2.367 0.013 
2403 21.31 21.20 1.35 4.00  1 0.90 0.522  0.132 1.555 0.020  0.610 0.007 2.165 0.013 
2391 21.82 21.83 0.56 4.00 -5 0.71 0.165  0.130 1.593 0.026  0.702 0.012 2.295 0.015 
2468 21.05 21.15 0.21 4.00 -1 0.23 0.098  0.228 1.487 0.014  0.426 0.010 1.914 0.013 
2484 23.74 24.57 0.30 0.44  3 0.16 0.187  0.072 0.688 0.053  0.058 0.053 0.746 0.069 
2476 22.64 22.53 0.44 4.00 -1 0.39 0.142  0.163 1.643 0.035  0.635 0.022 2.278 0.026 
2547 22.60 23.40 0.26 0.57  3 0.49 0.137  0.223 1.026 0.044  0.415 0.035 1.441 0.044 
2577 22.45 22.45 0.32 4.00 -4 0.63 0.100  0.151 1.551 0.034  0.645 0.020 2.196 0.024 
2589 21.81 21.73 0.47 4.00 -5 0.71 0.111  0.132 1.544 0.025  0.698 0.010 2.241 0.014 
2639 22.35 22.61 0.26 4.00 -5 0.77 0.101  0.156 1.549 0.026  0.650 0.016 2.199 0.025 
2651 22.39 22.60 0.19 2.05 -1 0.32 0.130  0.151 1.252 0.028  0.248 0.016 1.500 0.040 
2503 21.41 21.60 0.70 0.99  4 0.84 0.269  0.089 1.005 0.023  0.492 0.010 1.497 0.013 
2649 20.63 20.49 1.21 2.32  1 0.49 0.335  0.159 1.460 0.010  0.461 0.029 1.921 0.037 
2709 21.88 21.86 0.40 4.00 -5 0.64 0.078  0.194 1.597 0.027  0.667 0.012 2.264 0.015 
2741 21.39 21.58 0.43 2.39 -2 0.61 0.178  0.143 1.645 0.016  0.717 0.007 2.362 0.010 
2787 22.77 22.83 0.31 2.55 -4 0.89 0.087  0.078 1.634 0.038  0.606 0.026 2.240 0.032 
2830 19.87 19.80 2.15 4.00 -5 0.65 0.078  0.274 1.705 0.035  0.751 0.015 2.456 0.020 
2844 22.48 22.56 0.40 2.26 -1 0.43 0.193  0.157 0.905 0.036  0.114 0.022 1.019 0.026 
2896 22.97 23.22 0.14 2.66 -4 0.40 0.092  0.068 1.446 0.042  0.524 0.032 1.970 0.040 
2873 23.12 23.25 0.35 1.77  3 0.94 0.236  0.058 1.445 0.043  0.595 0.032 2.041 0.041 
2894 21.56 21.85 0.28 2.24 -5 0.70 0.046  0.166 1.643 0.027  0.708 0.012 2.351 0.015 
2898 23.05 23.20 0.27 0.92  1 0.94 0.206  0.017 0.740 0.042  0.216 0.032 0.955 0.039 
2874 22.15 22.18 0.23 4.00 -2 0.44 0.100  0.097 1.644 0.031  0.670 0.017 2.315 0.020 
2926 24.04 23.87 0.62 3.63  8 0.52 1.081  0.030 0.254 0.048  0.116 0.042 0.370 0.054 
2901 22.28 22.38 0.26 3.64 -5 0.77 0.064  0.161 1.551 0.024  0.677 0.023 2.229 0.016 
3035 21.77 21.80 0.35 4.00 -3 0.45 0.053  0.242 1.719 0.018  0.755 0.013 2.474 0.024 
2937 21.33 21.49 0.28 2.15 -4 0.91 0.088  0.159 1.519 0.021  0.521 0.010 2.040 0.013 
2991 22.45 22.70 0.29 1.19  1 0.65 0.281  0.050 0.719 0.037  0.258 0.024 0.977 0.029 
3003 22.50 22.84 0.57 0.58  4 0.53 0.308  0.005 1.366 0.039  0.507 0.026 1.873 0.032 
3148 22.43 22.67 0.79 1.91 10 0.49 0.226  0.267 1.494 0.026  0.501 0.021 1.994 0.034 
3031 21.95 22.15 0.34 2.10 -2 0.52 0.060  0.156 1.593 0.031  0.681 0.016 2.274 0.019 
3052 21.54 21.70 0.37 3.04 -4 0.48 0.100  0.073 1.597 0.024  0.718 0.010 2.315 0.013 
3070 21.63 21.73 0.50 2.45 -2 0.35 0.203  0.153 1.649 0.025  0.731 0.010 2.381 0.014 
3131 22.58 22.59 0.31 2.91 -4 0.70 0.078  0.157 1.630 0.036  0.643 0.022 2.273 0.027 
3113 22.19 22.23 0.34 4.00 -5 0.76 0.064  0.097 1.649 0.032  0.651 0.017 2.300 0.020 
3180 21.25 21.28 0.47 4.00  3 0.95 0.208  0.119 1.513 0.016  0.422 0.010 1.935 0.013 
3185 22.14 22.27 0.29 4.00 -5 0.72 0.138  0.185 1.621 0.032  0.662 0.018 2.283 0.021 
3224 21.85 21.97 0.45 4.00 -4 0.74 0.227  0.042 1.588 0.028  0.679 0.013 2.267 0.016 
5116 22.32 22.45 0.22 4.00 -4 0.86 0.054  0.205 1.644 0.079  0.743 0.036 2.387 0.043 
3241 22.57 22.71 0.25 2.24 -1 0.44 0.109  0.158 1.610 0.037  0.673 0.024 2.282 0.029 
5082 22.70 22.83 0.75 0.88  8 0.56 0.404  0.045 0.442 0.038  0.022 0.026 0.464 0.032 
5134 23.22 23.18 0.16 4.00 -4 0.62 0.148  0.195 1.211 0.042  0.365 0.031 1.576 0.039 
3386 22.67 22.77 0.55 1.80  4 0.86 0.174  0.136 0.830 0.038  0.232 0.025 1.062 0.031 
3652 22.01 21.94 0.34 4.00 -1 0.56 0.168  0.085 1.578 0.028  0.684 0.013 2.263 0.016 
3686 22.67 22.93 0.15 3.22 -4 0.47 0.037  0.149 1.587 0.040  0.706 0.028 2.293 0.034 
3692 22.21 22.40 0.79 1.13  6 0.61 0.288  0.056 1.167 0.034  0.392 0.020 1.560 0.024 
3718 21.76 21.78 0.43 3.38 -4 0.67 0.032  0.144 1.736 0.026  0.757 0.011 2.493 0.014 
3739 23.16 23.20 0.11 4.00 -5 0.81 0.085  0.155 1.493 0.042  0.584 0.032 2.078 0.039 
3795 23.83 24.04 0.24 1.69 -1 0.36 0.047  0.146 1.426 0.048  0.211 0.031 1.637 0.051 
3812 21.64 21.95 0.45 4.00  8 0.81 0.380  0.026 0.274 0.020  0.125 0.019 0.399 0.029 
4015 22.33 22.28 0.28 4.00 -1 0.49 0.154  0.091 1.473 0.027  0.469 0.015 1.942 0.015 
4049 22.80 22.82 0.21 4.00 -2 0.49 0.028  0.059 1.574 0.036  0.663 0.018 2.237 0.026 
4063 23.09 23.21 0.35 2.77 -2 0.34 0.022  0.179 1.468 0.030  0.602 0.027 2.070 0.028 
4137 22.95 22.92 0.31 3.08 -4 0.66 0.109  0.176 1.538 0.028  0.607 0.019 2.146 0.024 
4169 22.93 23.47 0.15 1.97 -5 0.65 0.030  0.141 1.544 0.035  0.633 0.038 2.178 0.026 
4254 23.44 23.32 0.27 3.89 -5 0.72 0.032  0.097 1.591 0.034  0.678 0.042 2.269 0.076 
4305 22.55 22.56 0.26 4.00 -5 0.78 0.082  0.132 1.573 0.018  0.704 0.011 2.277 0.013 
4308 23.48 23.60 0.33 3.91 -4 0.42 0.050  0.200 1.403 0.128  0.587 0.027 1.990 0.128 
4324 21.84 21.78 0.50 2.99 -5 0.75 0.096  0.165 1.539 0.018  0.649 0.009 2.188 0.010 
4353 21.69 21.85 0.50 2.52 -2 0.48 0.092  0.087 1.653 0.019  0.725 0.008 2.378 0.011 
4358 21.68 21.67 0.57 3.58 -5 0.61 0.046  0.321 1.603 0.017  0.698 0.022 2.302 0.020 
4213 22.07 22.03 0.66 4.00 -2 0.46 0.304  0.325 1.613 0.021  0.688 0.038 2.301 0.038 
4363 23.58 23.78 0.08 3.13 -5 0.59 0.091  0.328 1.680 0.111  0.703 0.035 2.383 0.076 
4366 21.78 22.47 0.40 0.76  8 0.93 0.181  0.147 1.131 0.017  0.330 0.018 1.460 0.024 
4374 22.01 22.03 0.21 4.00 -4 0.82 0.072  0.029 1.538 0.059  0.591 0.029 2.129 0.030 
4214 22.08 22.18 0.42 4.00 -1 0.47 0.213  0.320 1.522 0.022  0.630 0.012 2.153 0.014 
4167 20.31 20.63 0.99 2.60 -5 0.87 0.115  0.324 1.593 0.010  0.711 0.016 2.303 0.011 
4364 21.38 21.46 0.38 4.00 -5 0.90 0.044  0.281 1.612 0.037  0.695 0.007 2.307 0.036 
4488 21.58 21.36 0.59 4.00  0 0.82 0.304  0.126 1.454 0.013  0.546 0.008 2.000 0.021 
4212 23.18 23.18 0.26 4.00 -5 0.81 0.068  0.331 1.607 0.030  0.676 0.033 2.283 0.028 
4620 21.42 23.36 0.18 4.00  6 0.78 0.057  0.221 0.970 0.025  0.368 0.020 1.338 0.032 
4717 23.40 24.47 0.36 0.36  8 0.28 0.113  0.068 1.358 0.245  0.275 0.135 1.633 0.111 
4735 21.41 21.53 0.36 4.00 -2 0.41 0.203  0.216 1.975 0.015  0.514 0.007 2.489 0.009 
4766 21.22 21.41 0.42 3.76 -5 0.98 0.060  0.070 1.628 0.013  0.729 0.007 2.357 0.009 
4778 22.77 22.87 0.24 3.05 -2 0.41 0.093  0.104 1.518 0.039  0.691 0.027 2.209 0.033 
4942 21.82 21.72 0.41 4.00 -4 0.57 0.120  0.155 1.520 0.025  0.619 0.010 2.139 0.013 
4954 21.22 21.47 0.67 1.52  1 0.28 0.234  0.237 1.289 0.014  0.419 0.014 1.709 0.009 
4987 21.02 21.39 0.32 2.08 -1 0.42 0.181  0.119 1.544 0.019  0.594 0.010 2.138 0.013 
4988 21.96 22.05 0.40 4.00 -5 0.82 0.121  0.121 1.604 0.029  0.682 0.015 2.286 0.018 
5006 21.01 21.09 0.56 3.40 -5 0.68 0.089  0.200 1.674 0.014  0.747 0.010 2.421 0.013 
5048 23.61 23.77 0.19 1.54 -4 0.81 0.081  0.214 1.153 0.047  0.420 0.040 1.573 0.051 
5062 22.18 22.30 0.32 3.20 -2 0.27 0.085  0.262 1.579 0.023  0.629 0.020 2.208 0.015 
5072 22.17 22.32 0.19 4.00 -2 0.51 0.063  0.118 1.619 0.033  0.689 0.018 2.308 0.022 
5099 22.49 22.48 0.21 3.84 -2 0.65 0.060  0.271 1.639 0.026  0.724 0.031 2.363 0.018 
5472 23.37 23.39 0.30 2.21 -4 0.55 0.140  0.110 1.620 0.044  0.582 0.035 2.202 0.043 
5532 22.88 22.90 0.26 4.00 -1 0.58 0.133  0.054 1.662 0.039  0.651 0.027 2.313 0.033 
8107 23.37 23.23 0.41 2.73 -1 0.55 0.377  0.037 0.665 0.042  0.227 0.032 0.892 0.040 
6011 22.57 23.06 0.53 1.75  6 0.53 0.270  0.001 0.857 0.041  0.260 0.029 1.117 0.036 
6304 21.74 21.84 0.26 4.00 -2 0.59 0.134  0.063 1.712 0.026  0.769 0.012 2.481 0.015 
6736 22.22 22.42 0.63 0.88  3 0.50 0.375  0.026 1.041 0.034  0.370 0.020 1.411 0.024 
6995 21.82 21.72 0.95 1.87  6 0.81 0.315  0.024 0.875 0.025  0.243 0.010 1.117 0.013 
7431 22.78 22.76 0.24 4.00 -1 0.33 0.176  0.134 1.279 0.038  0.579 0.025 1.858 0.030 
7835 22.13 22.15 0.31 4.00 -2 0.55 0.154  0.116 1.600 0.031  0.555 0.016 2.154 0.019 
8222 21.89 21.86 0.54 4.00 -4 0.85 0.145  0.100 1.643 0.027  0.711 0.012 2.354 0.015 
8262 21.46 21.60 0.25 4.00 -5 0.91 0.085  0.066 1.586 0.023  0.597 0.010 2.183 0.013 
8312 22.72 22.76 0.32 2.37 -1 0.64 0.121  0.128 1.635 0.038  0.664 0.025 2.299 0.030 
8362 22.20 22.08 0.37 4.00 -1 0.63 0.097  0.064 1.511 0.046  0.568 0.011 2.079 0.048 
8456 21.11 21.21 0.51 4.00 -4 0.75 0.084  0.072 1.650 0.014  0.733 0.010 2.383 0.013 
8422 21.86 22.10 0.42 1.76  1 0.86 0.293  0.084 1.359 0.030  0.538 0.015 1.897 0.018 
8438 21.46 21.34 0.76 4.00 -2 0.54 0.282  0.067 1.604 0.018  0.652 0.010 2.256 0.013 
5447 22.46 22.15 1.02 1.44  3 0.66 0.327  0.080 0.847 0.031  0.192 0.016 1.038 0.019 
5324 20.77 21.36 0.32 3.64  0 0.75 0.080  0.176 1.675 0.018  0.732 0.010 2.406 0.013 

